results:
  mean: 0.953619993599749
  std: 0.03388903788775139
stettings:
  num_images: 100
